0 0 3 3 3 0 0 3 3 0 3 3 3 0 3 0 0 3 3 0 3 3 3 3 0 3 3 0 0 0;
0 0 3 3 0 7.500000e+00 3 0 3 3 0 3 3 0 0 3 3 0 0 0 3 3 3 3 3 3 3 0 0 0; 
3 3 0 0 3 3 3 0 3 3 3 0 3 0 0 3 3 0 0 0 3 3 3 3 3 0 0 0 3 3;
3 3 0 0 3 3 0 3 3 3 0 3 0 0 3 3 3 0 0 3 0 0 0 0 3 3 0 0 0 3; 
3 0 3 3 0 0 3 3 0 0 3 3 0 3 0 3 0 0 0 0 3 0 3 3 0 0 0 3 0 3;
0 7.500000e+00 3 3 0 0 3 0 3 1.050000e+01 3 3 0 3 3 0 3 0 1.050000e+01 0 0 3 3 3 3 0 0 3 3 0; 
0 3 3 0 3 3 0 0 3 0 0 3 0 3 3 3 0 0 3 0 0 3 0 0 3 3 0 3 0 0;
3 0 0 3 3 0 0 0 0 0 0 3 0 0 3 3 0 3 3 0 0 3 3 0 3 3 3 3 3 3;
3 3 3 3 0 3 3 0 0 0 0 0 3 0 0 3 3 3 3 0 0 3 3 3 3 0 3 0 0 0;
0 3 3 3 0 1.050000e+01 0 0 0 0 3 3 0 3 0 0 3 3 0 3 0 3 3 3 3 0 3 3 0 0; 
3 0 3 0 3 3 0 0 0 3 0 3 0 8 0 3 0 3 3 0 0 0 3 3 0 3 3 0 0 3; 
3 3 0 3 3 3 3 3 0 3 3 0 0 0 5 0 0 0 3 0 3 3 0 0 3 3 3 0 0 0;
3 3 3 0 0 0 0 0 3 0 0 0 0 0 0 8 0 3 3 3 0 0 3 0 3 0 3 3 0 3;
0 0 0 0 3 3 3 0 0 3 8 0 0 0 3 3 3 3 0 0 0 0 0 0 0 0 3 0 0 0;
3 0 0 3 0 3 3 3 0 0 0 5 0 3 0 6 0 0 0 3 3 0 0 0 0 0 0 3 3 0;
0 3 3 3 3 0 3 3 3 0 3 0 8 3 6 0 3 3 3 3 3 3 3 0 3 3 3 3 3 0;
0 3 3 3 0 3 0 0 3 3 0 0 0 3 0 3 0 3 0 0 3 3 3 0 3 0 3 0 3 3;
3 0 0 0 0 0 0 3 3 3 3 0 3 3 0 3 3 0 3 3 3 0 0 3 3 0 0 3 3 0;
3 0 0 0 0 1.050000e+01 3 3 3 0 3 3 3 0 0 3 0 3 0 3 0 0 0 0 0 3 0 7.500000e+00 3 0; 
0 0 0 3 0 0 0 0 0 3 0 0 3 0 3 3 0 3 3 0 6 0 3 0 3 0 3 0 0 0;
3 3 3 0 3 0 0 0 0 0 0 3 0 0 3 3 3 3 0 6 0 5 3 0 0 3 3 0 3 0;
3 3 3 0 0 3 3 3 3 3 0 3 0 0 0 3 3 0 0 0 5 0 3 0 0 3 0 3 0 0;
3 3 3 0 3 3 0 3 3 3 3 0 3 0 0 3 3 0 0 3 3 3 0 0 0 0 0 0 3 0;
3 3 3 0 3 3 0 0 3 3 3 0 0 0 0 0 0 3 0 0 0 0 0 0 0 3 3 3 3 0;
0 3 3 3 0 3 3 3 3 3 0 3 3 0 0 3 3 3 0 3 0 0 0 0 0 3 3 0 0 3;
3 3 0 3 0 0 3 3 0 0 3 3 0 0 0 3 0 0 3 0 3 3 0 3 3 0 3 3 0 3;
3 3 0 0 0 0 0 3 3 3 3 3 3 3 0 3 3 0 0 3 3 0 0 3 3 3 0 3 0 0;
0 0 0 0 3 3 3 3 0 3 0 0 3 0 3 3 0 3 7.500000e+00 0 0 3 0 3 0 3 3 0 0 3; 
0 0 3 0 0 3 0 3 0 0 0 0 0 0 3 3 3 3 3 0 3 0 3 3 0 0 0 0 0 0;
0 0 3 3 3 0 0 3 0 0 3 0 3 0 0 0 3 0 0 0 0 0 0 0 3 3 0 3 0 0;
